

DATASET: cm1
Mean of metrics
          mean_auc_roc  std_auc_roc  mean_acc   std_acc   mean_f1    std_f1   mean_g1    std_g1
strategy                                                                                       
Bagging       0.596356     0.087508  0.711462  0.024205  0.467676  0.056717  0.586506  0.065411
F-KNE         0.994384     0.006033  0.992781  0.005567  0.986049  0.011959  0.986716  0.011423
F-KNU         0.832063     0.025084  0.794551  0.020047  0.666342  0.052178  0.745322  0.039348
F-LCA         0.805935     0.061713  0.774888  0.059379  0.646864  0.089590  0.728317  0.058041
F-MCB         0.938930     0.023399  0.950168  0.014906  0.899249  0.045390  0.907429  0.039128
F-OLA         0.932593     0.029672  0.946508  0.014027  0.891003  0.043983  0.899959  0.039827

Std of metrics
          mean_auc_roc  std_auc_roc  mean_acc   std_acc   mean_f1    std_f1   mean_g1    std_g1
strategy                                                                                       
Bagging       0.089707     0.074438  0.392596  0.028195  0.185188  0.004144  0.046186  0.022494
F-KNE         0.005575     0.005506  0.010038  0.006224  0.017483  0.011801  0.016412  0.011039
F-KNU         0.178626     0.023800  0.269415  0.015732  0.179290  0.042143  0.116333  0.018539
F-LCA         0.171753     0.032601  0.251636  0.080400  0.167177  0.054617  0.117519  0.026139
F-MCB         0.057211     0.022654  0.058339  0.015320  0.072496  0.019698  0.067340  0.013637
F-OLA         0.060722     0.032588  0.060194  0.015781  0.076212  0.023434  0.070685  0.018729
-------------------------------------------------

DATASET: jm1
Mean of metrics
          mean_auc_roc  std_auc_roc  mean_acc   std_acc   mean_f1    std_f1   mean_g1    std_g1
strategy                                                                                       
Bagging       0.569692     0.012824  0.681909  0.004585  0.520685  0.012981  0.589993  0.009714
F-KNE         0.972446     0.003588  0.974253  0.002828  0.965894  0.004437  0.966936  0.004252
F-KNU         0.773997     0.008969  0.793900  0.006423  0.726165  0.009216  0.742553  0.008415
F-LCA         0.689101     0.013335  0.711269  0.010108  0.626004  0.011755  0.660470  0.010553
F-MCB         0.855299     0.009951  0.887046  0.005822  0.839104  0.009812  0.840610  0.009819
F-OLA         0.853611     0.008432  0.885597  0.005077  0.837357  0.008747  0.838885  0.008682

Std of metrics
          mean_auc_roc  std_auc_roc  mean_acc   std_acc   mean_f1    std_f1   mean_g1    std_g1
strategy                                                                                       
Bagging       0.127842     0.003068  0.345420  0.003435  0.230601  0.001511  0.157819  0.003535
F-KNE         0.021683     0.000679  0.028255  0.001958  0.031296  0.001377  0.029747  0.001246
F-KNU         0.127881     0.002557  0.167206  0.003837  0.123295  0.002734  0.111543  0.002399
F-LCA         0.120243     0.007602  0.209643  0.009479  0.123837  0.007211  0.097427  0.006100
F-MCB         0.096329     0.006294  0.093339  0.004538  0.094062  0.004546  0.093449  0.004892
F-OLA         0.098333     0.005748  0.095175  0.004230  0.095889  0.004761  0.095248  0.004930
-------------------------------------------------